(4.69445, 0.05000, 4.50000)
(4.70415, 0.05000, 4.50000)
(4.71046, 0.05000, 4.50000)
(4.71643, 0.05000, 4.50000)
(4.72216, 0.05000, 4.50000)
(4.72876, 0.05000, 4.50000)
(4.73509, 0.05000, 4.50000)
(4.74313, 0.05000, 4.50000)
(4.75030, 0.05000, 4.50000)
(4.75685, 0.05000, 4.50000)
(4.76332, 0.05000, 4.50000)
(4.76975, 0.05000, 4.50000)
(4.77791, 0.05000, 4.50000)
(4.78502, 0.05000, 4.50000)
(4.79141, 0.05000, 4.50000)
(4.79807, 0.05000, 4.50000)
(4.80464, 0.05000, 4.50000)
(4.81108, 0.05000, 4.50000)
(4.81713, 0.05000, 4.50000)
(4.82344, 0.05000, 4.50000)
(4.82953, 0.05000, 4.50000)
(4.83532, 0.05000, 4.50000)
(4.84180, 0.05000, 4.50000)
(4.84800, 0.05000, 4.50000)
(4.86036, 0.05000, 4.50000)
(4.86691, 0.05000, 4.50000)
(4.87284, 0.05000, 4.50000)
(4.87871, 0.05000, 4.50000)
(4.88486, 0.05000, 4.50000)
(4.89080, 0.05000, 4.50000)
(4.89752, 0.05000, 4.50000)
(4.90365, 0.05000, 4.50000)
(4.90937, 0.05000, 4.50000)
(4.91507, 0.05000, 4.50000)
(4.92096, 0.05000, 4.50000)
(4.92673, 0.05000, 4.50000)
(4.93206, 0.05000, 4.50000)
(4.93799, 0.05000, 4.50000)
(4.94347, 0.05000, 4.50000)
(4.94918, 0.05000, 4.50000)
(4.95552, 0.05000, 4.50000)
(4.96133, 0.05000, 4.50000)
(4.96714, 0.05000, 4.50000)
(4.97252, 0.05000, 4.50000)
(4.97865, 0.05000, 4.50000)
(4.98409, 0.05000, 4.50000)
(4.98975, 0.05000, 4.50000)
(4.99563, 0.05000, 4.50000)
(5.00109, 0.05000, 4.50000)
(5.00717, 0.05000, 4.50000)
(5.01326, 0.05000, 4.50000)
(5.01887, 0.05000, 4.50000)
(5.02473, 0.05000, 4.50000)
(5.03033, 0.05000, 4.50000)
(5.03671, 0.05000, 4.50000)
(5.04245, 0.05000, 4.50000)
(5.05622, 0.05000, 4.50000)
(5.06320, 0.05000, 4.50000)
(5.06909, 0.05000, 4.50000)
(5.07532, 0.05000, 4.50000)
(5.08117, 0.05000, 4.50000)
(5.08694, 0.05000, 4.50000)
(5.09306, 0.05000, 4.50000)
(5.09853, 0.05000, 4.50000)
(5.10456, 0.05000, 4.50000)
(5.10971, 0.05000, 4.50000)
(5.11521, 0.05000, 4.50000)
(5.12083, 0.05000, 4.50000)
(5.12648, 0.05000, 4.50000)
(5.13240, 0.05000, 4.50000)
(5.13762, 0.05000, 4.50000)
(5.14263, 0.05000, 4.50000)
(5.14788, 0.05000, 4.50000)
(5.15393, 0.05000, 4.50000)
(5.15973, 0.05000, 4.50000)
(5.16501, 0.05000, 4.50000)
(5.17008, 0.05000, 4.50000)
(5.17525, 0.05000, 4.50000)
(5.18043, 0.05000, 4.50000)
(5.18561, 0.05000, 4.50000)
(5.19146, 0.05000, 4.50000)
(5.19682, 0.05000, 4.50000)
(5.20239, 0.05000, 4.50000)
(5.20771, 0.05000, 4.50000)
(5.21316, 0.05000, 4.50000)
(5.21835, 0.05000, 4.50000)
(5.22335, 0.05000, 4.50000)
(5.22904, 0.05000, 4.50000)
(5.23460, 0.05000, 4.50000)
(5.24012, 0.05000, 4.50000)
(5.24563, 0.05000, 4.50000)
(5.25091, 0.05000, 4.50000)
(5.25682, 0.05000, 4.50000)
(5.26211, 0.05000, 4.50000)
(5.26812, 0.05000, 4.50000)
(5.27413, 0.05000, 4.50000)
(5.27999, 0.05000, 4.50000)
(5.28573, 0.05000, 4.50000)
(5.29219, 0.05000, 4.50000)
(5.29801, 0.05000, 4.50000)
(5.30392, 0.05000, 4.50000)
(5.30985, 0.05000, 4.50000)
(5.31573, 0.05000, 4.50000)
(5.32085, 0.05000, 4.50000)
(5.32627, 0.05000, 4.50000)
(5.33140, 0.05000, 4.50000)
(5.33656, 0.05000, 4.50000)
(5.34226, 0.05000, 4.50000)
(5.34822, 0.05000, 4.50000)
(5.35446, 0.05000, 4.50000)
(5.35976, 0.05000, 4.50000)
(5.36475, 0.05000, 4.50000)
(5.37007, 0.05000, 4.50000)
(5.37561, 0.05000, 4.50000)
(5.38116, 0.05000, 4.50000)
(5.38687, 0.05000, 4.50000)
(5.39214, 0.05000, 4.50000)
(5.39772, 0.05000, 4.50000)
(5.40325, 0.05000, 4.50000)
(5.40839, 0.05000, 4.50000)
(5.41464, 0.05000, 4.50000)
(5.41979, 0.05000, 4.50000)
(5.42559, 0.05000, 4.50000)
(5.43109, 0.05000, 4.50000)
(5.43684, 0.05000, 4.50000)
(5.44238, 0.05000, 4.50000)
(5.44775, 0.05000, 4.50000)
(5.45392, 0.05000, 4.50000)
(5.45894, 0.05000, 4.50000)
(5.46477, 0.05000, 4.50000)
(5.47060, 0.05000, 4.50000)
(5.48333, 0.05000, 4.50000)
(5.49002, 0.05000, 4.50000)
(5.49600, 0.05000, 4.50000)
(5.50165, 0.05000, 4.50000)
(5.50786, 0.05000, 4.50000)
(5.51444, 0.05000, 4.50000)
(5.52025, 0.05000, 4.50000)
(5.52561, 0.05000, 4.50000)
(5.53054, 0.05000, 4.50000)
(5.53580, 0.05000, 4.50000)
(5.54122, 0.05000, 4.50000)
(5.54674, 0.05000, 4.50000)
(5.55257, 0.05000, 4.50000)
(5.55750, 0.05000, 4.50000)
(5.56371, 0.05000, 4.50000)
(5.56887, 0.05000, 4.50000)
(5.57438, 0.05000, 4.50000)
(5.57991, 0.05000, 4.50000)
(5.58500, 0.05000, 4.50000)
(5.59061, 0.05000, 4.50000)
(5.59580, 0.05000, 4.50000)
(5.60102, 0.05000, 4.50000)
(5.60729, 0.05000, 4.50000)
(5.61221, 0.05000, 4.50000)
(5.61819, 0.05000, 4.50000)
(5.62380, 0.05000, 4.50000)
(5.62913, 0.05000, 4.50000)
(5.63470, 0.05000, 4.50000)
(5.63987, 0.05000, 4.50000)
(5.64532, 0.05000, 4.50000)
(5.65059, 0.05000, 4.50000)
(5.65666, 0.05000, 4.50000)
(5.67037, 0.05000, 4.50000)
(5.67649, 0.05000, 4.50000)
(5.68191, 0.05000, 4.50000)
(5.68782, 0.05000, 4.50000)
(5.69314, 0.05000, 4.50000)
(5.69862, 0.05000, 4.50000)
(5.70469, 0.05000, 4.50000)
(5.71008, 0.05000, 4.50000)
(5.71581, 0.05000, 4.50000)
(5.72114, 0.05000, 4.50000)
(5.72647, 0.05000, 4.50000)
(5.73211, 0.05000, 4.50000)
(5.73727, 0.05000, 4.50000)
(5.74247, 0.05000, 4.50000)
(5.74762, 0.05000, 4.50000)
(5.75310, 0.05000, 4.50000)
(5.75855, 0.05000, 4.50000)
(5.76419, 0.05000, 4.50000)
(5.77106, 0.05000, 4.50000)
(5.77659, 0.05000, 4.50000)
(5.78224, 0.05000, 4.50000)
(5.78905, 0.05000, 4.50000)
(5.79489, 0.05000, 4.50000)
(5.80045, 0.05000, 4.50000)
(5.80648, 0.05000, 4.50000)
(5.81218, 0.05000, 4.50000)
(5.81741, 0.05000, 4.50000)
(5.82261, 0.05000, 4.50000)
(5.82842, 0.05000, 4.50000)
(5.83417, 0.05000, 4.50000)
(5.84001, 0.05000, 4.50000)
(5.84593, 0.05000, 4.50000)
(5.85177, 0.05000, 4.50000)
(5.85776, 0.05000, 4.50000)
(5.86328, 0.05000, 4.50000)
(5.86865, 0.05000, 4.50000)
(5.87397, 0.05000, 4.50000)
(5.87943, 0.05000, 4.50000)
(5.88489, 0.05000, 4.50000)
(5.89002, 0.05000, 4.50000)
(5.89549, 0.05000, 4.50000)
(5.90073, 0.05000, 4.50000)
(5.90654, 0.05000, 4.50000)
(5.91244, 0.05000, 4.50000)
(5.91813, 0.05000, 4.50000)
(5.92422, 0.05000, 4.50000)
(5.92986, 0.05000, 4.50000)
(5.93587, 0.05000, 4.50000)
(5.94177, 0.05000, 4.50000)
(5.94716, 0.05000, 4.50000)
(5.95297, 0.05000, 4.50000)
(5.95832, 0.05000, 4.50000)
(5.96432, 0.05000, 4.50000)
(5.96979, 0.05000, 4.50000)
(5.97518, 0.05000, 4.50000)
(5.98081, 0.05000, 4.50000)
(5.98594, 0.05000, 4.50000)
(5.99138, 0.05000, 4.50000)
(5.99705, 0.05000, 4.50000)
(6.00296, 0.05000, 4.50000)
(6.00846, 0.05000, 4.50000)
(6.01382, 0.05000, 4.50000)
(6.01939, 0.05000, 4.50000)
(6.02479, 0.05000, 4.50000)
(6.02987, 0.05000, 4.50000)
(6.03580, 0.05000, 4.50000)
(6.04161, 0.05000, 4.50000)
(6.05381, 0.05000, 4.50000)
(6.06052, 0.05000, 4.50000)
(6.06630, 0.05000, 4.50000)
(6.07173, 0.05000, 4.50000)
(6.07760, 0.05000, 4.50000)
(6.08307, 0.05000, 4.50000)
(6.08826, 0.05000, 4.50000)
(6.09354, 0.05000, 4.50000)
(6.09852, 0.05000, 4.50000)
(6.10459, 0.05000, 4.50000)
(6.10976, 0.05000, 4.50000)
(6.11549, 0.05000, 4.50000)
(6.12120, 0.05000, 4.50000)
(6.12639, 0.05000, 4.50000)
(6.13182, 0.05000, 4.50000)
(6.13732, 0.05000, 4.50000)
(6.14274, 0.05000, 4.50000)
(6.14840, 0.05000, 4.50000)
(6.15396, 0.05000, 4.50000)
(6.15951, 0.05000, 4.50000)
(6.16531, 0.05000, 4.50000)
(6.17031, 0.05000, 4.50000)
(6.17604, 0.05000, 4.50000)
(6.18102, 0.05000, 4.50000)
(6.18678, 0.05000, 4.50000)
(6.19225, 0.05000, 4.50000)
(6.19745, 0.05000, 4.50000)
(6.20311, 0.05000, 4.50000)
(6.20815, 0.05000, 4.50000)
(6.21409, 0.05000, 4.50000)
(6.21953, 0.05000, 4.50000)
(6.22510, 0.05000, 4.50000)
(6.24056, 0.05000, 4.50000)
(6.24757, 0.05000, 4.50000)
(6.25346, 0.05000, 4.50000)
(6.26585, 0.05000, 4.50000)
(6.27261, 0.05000, 4.50000)
(6.27817, 0.05000, 4.50000)
(6.28364, 0.05000, 4.50000)
(6.28967, 0.05000, 4.50000)
(6.29463, 0.05000, 4.50000)
(6.30009, 0.05000, 4.50000)
(6.30660, 0.05000, 4.50000)
(6.31259, 0.05000, 4.50000)
(6.31806, 0.05000, 4.50000)
(6.32349, 0.05000, 4.50000)
(6.32918, 0.05000, 4.50000)
(6.33424, 0.05000, 4.50000)
(6.33974, 0.05000, 4.50000)
(6.34548, 0.05000, 4.50000)
(6.35081, 0.05000, 4.50000)
(6.35682, 0.05000, 4.50000)
(6.36187, 0.05000, 4.50000)
(6.36707, 0.05000, 4.50000)
(6.37227, 0.05000, 4.50000)
(6.37722, 0.05000, 4.50000)
(6.38492, 0.05000, 4.50000)
(6.39060, 0.05000, 4.50000)
(6.39618, 0.05000, 4.50000)
(6.40136, 0.05000, 4.50000)
(6.40690, 0.05000, 4.50000)
(6.41307, 0.05000, 4.50000)
(6.41844, 0.05000, 4.50000)
(6.42465, 0.05000, 4.50000)
(6.43055, 0.05000, 4.50000)
(6.44511, 0.05000, 4.50000)
(6.45176, 0.05000, 4.50000)
(6.45758, 0.05000, 4.50000)
(6.46311, 0.05000, 4.50000)
(6.46858, 0.05000, 4.50000)
(6.47385, 0.05000, 4.50000)
(6.47947, 0.05000, 4.50000)
(6.48463, 0.05000, 4.50000)
(6.48954, 0.05000, 4.50000)
(6.49522, 0.05000, 4.50000)
(6.50113, 0.05000, 4.50000)
(6.50788, 0.05000, 4.50000)
(6.51367, 0.05000, 4.50000)
(6.51955, 0.05000, 4.50000)
(6.52518, 0.05000, 4.50000)
(6.53049, 0.05000, 4.50000)
(6.53641, 0.05000, 4.50000)
(6.54204, 0.05000, 4.50000)
(6.54752, 0.05000, 4.50000)
(6.55333, 0.05000, 4.50000)
(6.55963, 0.05000, 4.50000)
(6.56559, 0.05000, 4.50000)
(6.57108, 0.05000, 4.50000)
(6.57811, 0.05000, 4.50000)
(6.58394, 0.05000, 4.50000)
(6.58998, 0.05000, 4.50000)
(6.59574, 0.05000, 4.50000)
(6.60126, 0.05000, 4.50000)
(6.60711, 0.05000, 4.50000)
(6.61269, 0.05000, 4.50000)
(6.61799, 0.05000, 4.50000)
(6.62345, 0.05000, 4.50000)
(6.62869, 0.05000, 4.50000)
(6.63411, 0.05000, 4.50000)
(6.63950, 0.05000, 4.50000)
(6.64529, 0.05000, 4.50000)
(6.65146, 0.05000, 4.50000)
(6.65722, 0.05000, 4.50000)
(6.66270, 0.05000, 4.50000)
(6.66784, 0.05000, 4.50000)
(6.67349, 0.05000, 4.50000)
(6.67871, 0.05000, 4.50000)
(6.68384, 0.05000, 4.50000)
(6.69019, 0.05000, 4.50000)
(6.69561, 0.05000, 4.50000)
(6.70125, 0.05000, 4.50000)
(6.70702, 0.05000, 4.50000)
(6.71297, 0.05000, 4.50000)
(6.71857, 0.05000, 4.50000)
(6.72375, 0.05000, 4.50000)
(6.73085, 0.05000, 4.50000)
(6.73729, 0.05000, 4.50000)
(6.74316, 0.05000, 4.50000)
(6.74862, 0.05000, 4.50000)
(6.75422, 0.05000, 4.50000)
(6.75982, 0.05000, 4.50000)
(6.76548, 0.05000, 4.50000)
(6.77129, 0.05000, 4.50000)
(6.77652, 0.05000, 4.50000)
(6.78173, 0.05000, 4.50000)
(6.78742, 0.05000, 4.50000)
(6.79275, 0.05000, 4.50000)
(6.79883, 0.05000, 4.50000)
(6.80480, 0.05000, 4.50000)
(6.81041, 0.05000, 4.50000)
(6.81601, 0.05000, 4.50000)
(6.82111, 0.05000, 4.50000)
(6.82647, 0.05000, 4.50000)
(6.83164, 0.05000, 4.50000)
(6.83666, 0.05000, 4.50000)
(6.84211, 0.05000, 4.50000)
(6.84764, 0.05000, 4.50000)
(6.85358, 0.05000, 4.50000)
(6.85892, 0.05000, 4.50000)
(6.86466, 0.05000, 4.50000)
(6.87024, 0.05000, 4.50000)
(6.87634, 0.05000, 4.50000)
(6.88948, 0.05000, 4.50000)
(6.89566, 0.05000, 4.50000)
(6.90131, 0.05000, 4.50000)
(6.90684, 0.05000, 4.50000)
(6.91219, 0.05000, 4.50000)
(6.91746, 0.05000, 4.50000)
(6.92326, 0.05000, 4.50000)
(6.92887, 0.05000, 4.50000)
(6.93414, 0.05000, 4.50000)
(6.93953, 0.05000, 4.50000)
(6.94455, 0.05000, 4.50000)
(6.94963, 0.05000, 4.50000)
(6.95554, 0.05000, 4.50000)
(6.96051, 0.05000, 4.50000)
(6.96618, 0.05000, 4.50000)
(6.97144, 0.05000, 4.50000)
(6.97680, 0.05000, 4.50000)
(6.98245, 0.05000, 4.50000)
(6.98746, 0.05000, 4.50000)
(6.99266, 0.05000, 4.50000)
(6.99938, 0.05000, 4.50000)
(7.00534, 0.05000, 4.50000)
(7.01082, 0.05000, 4.50000)
(7.01565, 0.05000, 4.50000)
(7.02080, 0.05000, 4.50000)
(7.02593, 0.05000, 4.50000)
(7.03134, 0.05000, 4.50000)
(7.03780, 0.05000, 4.50000)
(7.04380, 0.05000, 4.50000)
(7.04964, 0.05000, 4.50000)
(7.05541, 0.05000, 4.50000)
(7.06111, 0.05000, 4.50000)
(7.07702, 0.05000, 4.50000)
(7.08375, 0.05000, 4.50000)
(7.09037, 0.05000, 4.50000)
(7.09619, 0.05000, 4.50000)
(7.10159, 0.05000, 4.50000)
(7.10729, 0.05000, 4.50000)
(7.11267, 0.05000, 4.50000)
(7.11866, 0.05000, 4.50000)
(7.12420, 0.05000, 4.50000)
(7.13008, 0.05000, 4.50000)
(7.13544, 0.05000, 4.50000)
(7.14042, 0.05000, 4.50000)
(7.14654, 0.05000, 4.50000)
(7.15220, 0.05000, 4.50000)
(7.15762, 0.05000, 4.50000)
(7.16290, 0.05000, 4.50000)
(7.16807, 0.05000, 4.50000)
(7.17333, 0.05000, 4.50000)
(7.17850, 0.05000, 4.50000)
(7.18400, 0.05000, 4.50000)
(7.19025, 0.05000, 4.50000)
(7.19529, 0.05000, 4.50000)
(7.20089, 0.05000, 4.50000)
(7.20686, 0.05000, 4.50000)
(7.21239, 0.05000, 4.50000)
(7.21787, 0.05000, 4.50000)
(7.22362, 0.05000, 4.50000)
(7.22997, 0.05000, 4.50000)
(7.23549, 0.05000, 4.50000)
(7.24076, 0.05000, 4.50000)
(7.24608, 0.05000, 4.50000)
(7.25103, 0.05000, 4.50000)
(7.25693, 0.05000, 4.50000)
(7.26268, 0.05000, 4.50000)
(7.26879, 0.05000, 4.50000)
(7.27431, 0.05000, 4.50000)
(7.27991, 0.05000, 4.50000)
(7.28571, 0.05000, 4.50000)
(7.29148, 0.05000, 4.50000)
(7.29736, 0.05000, 4.50000)
(7.30350, 0.05000, 4.50000)
(7.30919, 0.05000, 4.50000)
(7.31539, 0.05000, 4.50000)
(7.32102, 0.05000, 4.50000)
(7.32655, 0.05000, 4.50000)
(7.33236, 0.05000, 4.50000)
(7.33849, 0.05000, 4.50000)
(7.34420, 0.05000, 4.50000)
(7.35048, 0.05000, 4.50000)
(7.35676, 0.05000, 4.50000)
(7.36255, 0.05000, 4.50000)
(7.36876, 0.05000, 4.50000)
(7.37480, 0.05000, 4.50000)
(7.38071, 0.05000, 4.50000)
(7.38635, 0.05000, 4.50000)
(7.39182, 0.05000, 4.50000)
(7.39760, 0.05000, 4.50000)
(7.40348, 0.05000, 4.50000)
(7.40888, 0.05000, 4.50000)
(7.41425, 0.05000, 4.50000)
(7.41924, 0.05000, 4.50000)
(7.42518, 0.05000, 4.50000)
(7.43044, 0.05000, 4.50000)
(7.43641, 0.05000, 4.50000)
(7.44204, 0.05000, 4.50000)
(7.44853, 0.05000, 4.50000)
(7.45461, 0.05000, 4.50000)
(7.45965, 0.05000, 4.50000)
(7.46523, 0.05000, 4.50000)
(7.47071, 0.05000, 4.50000)
(7.47597, 0.05000, 4.50000)
(7.48198, 0.05000, 4.50000)
(7.48761, 0.05000, 4.50000)
(7.49323, 0.05000, 4.50000)
(7.49871, 0.05000, 4.50000)
(7.50457, 0.05000, 4.50000)