(4.70000, 0.04000, 4.50000)
(4.70980, 0.05000, 4.50000)
(4.72305, 0.05000, 4.50000)
(4.72881, 0.05000, 4.50000)
(4.73621, 0.05000, 4.50000)
(4.74326, 0.05000, 4.50000)
(4.74928, 0.05000, 4.50000)
(4.75586, 0.05000, 4.50000)
(4.76189, 0.05000, 4.50000)
(4.76738, 0.05000, 4.50000)
(4.77441, 0.05000, 4.50000)
(4.77967, 0.05000, 4.50000)
(4.78703, 0.05000, 4.50000)
(4.79398, 0.05000, 4.50000)
(4.80317, 0.05000, 4.50000)
(4.80969, 0.05000, 4.50000)
(4.81691, 0.05000, 4.50000)
(4.82365, 0.05000, 4.50000)
(4.83113, 0.05000, 4.50000)
(4.83757, 0.05000, 4.50000)
(4.84504, 0.05000, 4.50000)
(4.85163, 0.05000, 4.50000)
(4.85923, 0.05000, 4.50000)
(4.86536, 0.05000, 4.50000)
(4.87212, 0.05000, 4.50000)
(4.87825, 0.05000, 4.50000)
(4.88634, 0.05000, 4.50000)
(4.89251, 0.05000, 4.50000)
(4.89999, 0.05000, 4.50000)
(4.90632, 0.05000, 4.50000)
(4.91452, 0.05000, 4.50000)
(4.92067, 0.05000, 4.50000)
(4.92855, 0.05000, 4.50000)
(4.93454, 0.05000, 4.50000)
(4.94195, 0.05000, 4.50000)
(4.94775, 0.05000, 4.50000)
(4.95618, 0.05000, 4.50000)
(4.96224, 0.05000, 4.50000)
(4.96894, 0.05000, 4.50000)
(4.97470, 0.05000, 4.50000)
(4.98171, 0.05000, 4.50000)
(4.98849, 0.05000, 4.50000)
(4.99516, 0.05000, 4.50000)
(5.00118, 0.05000, 4.50000)
(5.00891, 0.05000, 4.50000)
(5.01479, 0.05000, 4.50000)
(5.02258, 0.05000, 4.50000)
(5.02868, 0.05000, 4.50000)
(5.03601, 0.05000, 4.50000)
(5.04210, 0.05000, 4.50000)
(5.04933, 0.05000, 4.50000)
(5.05557, 0.05000, 4.50000)
(5.06355, 0.05000, 4.50000)
(5.06996, 0.05000, 4.50000)
(5.07575, 0.05000, 4.50000)
(5.08281, 0.05000, 4.50000)
(5.08982, 0.05000, 4.50000)
(5.09576, 0.05000, 4.50000)
(5.10095, 0.05000, 4.50000)
(5.10876, 0.05000, 4.50000)
(5.11414, 0.05000, 4.50000)
(5.12022, 0.05000, 4.50000)
(5.12575, 0.05000, 4.50000)
(5.13218, 0.05000, 4.50000)
(5.13905, 0.05000, 4.50000)
(5.14522, 0.05000, 4.50000)
(5.15157, 0.05000, 4.50000)
(5.15760, 0.05000, 4.50000)
(5.16555, 0.05000, 4.50000)
(5.17188, 0.05000, 4.50000)
(5.17916, 0.05000, 4.50000)
(5.18475, 0.05000, 4.50000)
(5.19201, 0.05000, 4.50000)
(5.19756, 0.05000, 4.50000)
(5.20523, 0.05000, 4.50000)
(5.21051, 0.05000, 4.50000)
(5.21791, 0.05000, 4.50000)
(5.22493, 0.05000, 4.50000)
(5.23130, 0.05000, 4.50000)
(5.23715, 0.05000, 4.50000)
(5.24327, 0.05000, 4.50000)
(5.24953, 0.05000, 4.50000)
(5.25559, 0.05000, 4.50000)
(5.26215, 0.05000, 4.50000)
(5.26793, 0.05000, 4.50000)
(5.27376, 0.05000, 4.50000)
(5.27916, 0.05000, 4.50000)
(5.28432, 0.05000, 4.50000)
(5.28985, 0.05000, 4.50000)
(5.29538, 0.05000, 4.50000)
(5.30195, 0.05000, 4.50000)
(5.30834, 0.05000, 4.50000)
(5.31414, 0.05000, 4.50000)
(5.31966, 0.05000, 4.50000)
(5.32497, 0.05000, 4.50000)
(5.33049, 0.05000, 4.50000)
(5.33596, 0.05000, 4.50000)
(5.34186, 0.05000, 4.50000)
(5.34765, 0.05000, 4.50000)
(5.35362, 0.05000, 4.50000)
(5.35911, 0.05000, 4.50000)
(5.36417, 0.05000, 4.50000)
(5.36992, 0.05000, 4.50000)
(5.37577, 0.05000, 4.50000)
(5.38148, 0.05000, 4.50000)
(5.38711, 0.05000, 4.50000)
(5.39216, 0.05000, 4.50000)
(5.39759, 0.05000, 4.50000)
(5.41216, 0.05000, 4.50000)
(5.41880, 0.05000, 4.50000)
(5.42455, 0.05000, 4.50000)
(5.43023, 0.05000, 4.50000)
(5.43523, 0.05000, 4.50000)
(5.44062, 0.05000, 4.50000)
(5.44567, 0.05000, 4.50000)
(5.45096, 0.05000, 4.50000)
(5.45793, 0.05000, 4.50000)
(5.46404, 0.05000, 4.50000)
(5.47032, 0.05000, 4.50000)
(5.47557, 0.05000, 4.50000)
(5.48109, 0.05000, 4.50000)
(5.48647, 0.05000, 4.50000)
(5.49177, 0.05000, 4.50000)
(5.49794, 0.05000, 4.50000)
(5.50382, 0.05000, 4.50000)
(5.50963, 0.05000, 4.50000)
(5.51542, 0.05000, 4.50000)
(5.52119, 0.05000, 4.50000)
(5.52705, 0.05000, 4.50000)
(5.53264, 0.05000, 4.50000)
(5.53828, 0.05000, 4.50000)
(5.54419, 0.05000, 4.50000)
(5.55054, 0.05000, 4.50000)
(5.55671, 0.05000, 4.50000)
(5.56212, 0.05000, 4.50000)
(5.56785, 0.05000, 4.50000)
(5.57428, 0.05000, 4.50000)
(5.58068, 0.05000, 4.50000)
(5.58655, 0.05000, 4.50000)
(5.59338, 0.05000, 4.50000)
(5.59949, 0.05000, 4.50000)
(5.60543, 0.05000, 4.50000)
(5.61113, 0.05000, 4.50000)
(5.61697, 0.05000, 4.50000)
(5.62241, 0.05000, 4.50000)
(5.62760, 0.05000, 4.50000)
(5.63297, 0.05000, 4.50000)
(5.63826, 0.05000, 4.50000)
(5.64375, 0.05000, 4.50000)
(5.64989, 0.05000, 4.50000)
(5.65561, 0.05000, 4.50000)
(5.66142, 0.05000, 4.50000)
(5.66714, 0.05000, 4.50000)
(5.67304, 0.05000, 4.50000)
(5.67873, 0.05000, 4.50000)
(5.68416, 0.05000, 4.50000)
(5.68986, 0.05000, 4.50000)
(5.69516, 0.05000, 4.50000)
(5.70022, 0.05000, 4.50000)
(5.70586, 0.05000, 4.50000)
(5.71110, 0.05000, 4.50000)
(5.71706, 0.05000, 4.50000)
(5.72273, 0.05000, 4.50000)
(5.72858, 0.05000, 4.50000)
(5.73411, 0.05000, 4.50000)
(5.73933, 0.05000, 4.50000)
(5.74501, 0.05000, 4.50000)
(5.75022, 0.05000, 4.50000)
(5.75591, 0.05000, 4.50000)
(5.76133, 0.05000, 4.50000)
(5.76668, 0.05000, 4.50000)
(5.77201, 0.05000, 4.50000)
(5.77733, 0.05000, 4.50000)
(5.78262, 0.05000, 4.50000)
(5.78795, 0.05000, 4.50000)
(5.79340, 0.05000, 4.50000)
(5.79962, 0.05000, 4.50000)
(5.80569, 0.05000, 4.50000)
(5.81105, 0.05000, 4.50000)
(5.81663, 0.05000, 4.50000)
(5.82181, 0.05000, 4.50000)
(5.82716, 0.05000, 4.50000)
(5.83249, 0.05000, 4.50000)
(5.83870, 0.05000, 4.50000)
(5.84529, 0.05000, 4.50000)
(5.85109, 0.05000, 4.50000)
(5.85728, 0.05000, 4.50000)
(5.86264, 0.05000, 4.50000)
(5.86829, 0.05000, 4.50000)
(5.87374, 0.05000, 4.50000)
(5.88020, 0.05000, 4.50000)
(5.88631, 0.05000, 4.50000)
(5.89200, 0.05000, 4.50000)
(5.89793, 0.05000, 4.50000)
(5.90381, 0.05000, 4.50000)
(5.90986, 0.05000, 4.50000)
(5.91597, 0.05000, 4.50000)
(5.92179, 0.05000, 4.50000)
(5.92731, 0.05000, 4.50000)
(5.93255, 0.05000, 4.50000)
(5.93827, 0.05000, 4.50000)
(5.94360, 0.05000, 4.50000)
(5.94923, 0.05000, 4.50000)
(5.95704, 0.05091, 4.50000)
(5.96258, 0.05166, 4.50000)
(5.96863, 0.05236, 4.50000)
(5.97437, 0.05290, 4.50000)
(5.98022, 0.05335, 4.50000)
(5.98599, 0.05367, 4.50000)
(5.99238, 0.05390, 4.50000)
(5.99815, 0.05399, 4.50000)
(6.00471, 0.05400, 4.50000)
(6.01076, 0.05400, 4.50000)
(6.01620, 0.05400, 4.50000)
(6.02229, 0.05400, 4.50000)
(6.02818, 0.05400, 4.50000)
(6.03382, 0.05400, 4.50000)
(6.03936, 0.05400, 4.50000)
(6.04455, 0.05400, 4.50000)
(6.05046, 0.05400, 4.50000)
(6.05636, 0.05400, 4.50000)
(6.06204, 0.05400, 4.50000)
(6.06844, 0.05400, 4.50000)
(6.07382, 0.05400, 4.50000)
(6.07930, 0.05400, 4.50000)
(6.08477, 0.05400, 4.50000)
(6.09032, 0.05400, 4.50000)
(6.09596, 0.05400, 4.50000)
(6.10153, 0.05400, 4.50000)
(6.10816, 0.05400, 4.50000)
(6.11384, 0.05400, 4.50000)
(6.11961, 0.05400, 4.50000)
(6.12551, 0.05400, 4.50000)
(6.13138, 0.05400, 4.50000)
(6.13686, 0.05400, 4.50000)
(6.14249, 0.05400, 4.50000)
(6.14839, 0.05400, 4.50000)
(6.15453, 0.05400, 4.50000)
(6.16030, 0.05400, 4.50000)
(6.16614, 0.05400, 4.50000)
(6.17215, 0.05400, 4.50000)
(6.17889, 0.05400, 4.50000)
(6.18500, 0.05400, 4.50000)
(6.19111, 0.05400, 4.50000)
(6.19683, 0.05400, 4.50000)
(6.20320, 0.05400, 4.50000)
(6.20855, 0.05400, 4.50000)
(6.21402, 0.05400, 4.50000)
(6.22009, 0.05400, 4.50000)
(6.22643, 0.05400, 4.50000)
(6.23283, 0.05400, 4.50000)
(6.23845, 0.05400, 4.50000)
(6.24410, 0.05400, 4.50000)
(6.24952, 0.05400, 4.50000)
(6.25568, 0.05395, 4.50000)
(6.26154, 0.05378, 4.50000)
(6.26670, 0.05353, 4.50000)
(6.27236, 0.05317, 4.50000)
(6.27754, 0.05273, 4.50000)
(6.28282, 0.05220, 4.50000)
(6.28837, 0.05154, 4.50000)
(6.29394, 0.05077, 4.50000)
(6.29979, 0.05000, 4.50000)
(6.30579, 0.05000, 4.50000)
(6.31151, 0.05000, 4.50000)
(6.31765, 0.05000, 4.50000)
(6.32325, 0.05000, 4.50000)
(6.32885, 0.05000, 4.50000)
(6.33477, 0.05000, 4.50000)
(6.34055, 0.05000, 4.50000)
(6.34634, 0.05000, 4.50000)
(6.35221, 0.05000, 4.50000)
(6.35821, 0.05000, 4.50000)
(6.36386, 0.05000, 4.50000)
(6.37001, 0.05000, 4.50000)
(6.37607, 0.05000, 4.50000)
(6.38162, 0.05000, 4.50000)
(6.38714, 0.05000, 4.50000)
(6.39253, 0.05000, 4.50000)
(6.39818, 0.05000, 4.50000)
(6.40421, 0.05000, 4.50000)
(6.40980, 0.05000, 4.50000)
(6.41531, 0.05000, 4.50000)
(6.42082, 0.05000, 4.50000)
(6.42672, 0.05000, 4.50000)
(6.43176, 0.05000, 4.50000)
(6.43684, 0.05000, 4.50000)
(6.44235, 0.05000, 4.50000)
(6.44752, 0.05000, 4.50000)
(6.45367, 0.05000, 4.50000)
(6.45910, 0.05000, 4.50000)
(6.46430, 0.05000, 4.50000)
(6.46957, 0.05000, 4.50000)
(6.47471, 0.05000, 4.50000)
(6.48062, 0.05000, 4.50000)
(6.48641, 0.05000, 4.50000)
(6.49174, 0.05000, 4.50000)
(6.49714, 0.05000, 4.50000)
(6.50342, 0.05000, 4.50000)
(6.50937, 0.05000, 4.50000)
(6.51520, 0.05000, 4.50000)
(6.52175, 0.05000, 4.50000)
(6.52752, 0.05000, 4.50000)
(6.53307, 0.05000, 4.50000)
(6.53863, 0.05000, 4.50000)
(6.54416, 0.05000, 4.50000)
(6.54999, 0.05000, 4.50000)
(6.55628, 0.05000, 4.50000)
(6.56159, 0.05000, 4.50000)
(6.56713, 0.05000, 4.50000)
(6.57242, 0.05000, 4.50000)
(6.57805, 0.05000, 4.50000)
(6.58332, 0.05000, 4.50000)
(6.58852, 0.05000, 4.50000)
(6.59448, 0.05000, 4.50000)
(6.60012, 0.05000, 4.50000)
(6.60687, 0.05000, 4.50000)
(6.61314, 0.05000, 4.50000)
(6.61916, 0.05000, 4.50000)
(6.62487, 0.05000, 4.50000)
(6.63111, 0.05000, 4.50000)
(6.63731, 0.05000, 4.50000)
(6.64252, 0.05000, 4.50000)
(6.64795, 0.05000, 4.50000)
(6.65358, 0.05000, 4.50000)
(6.65884, 0.05000, 4.50000)
(6.66402, 0.05000, 4.50000)
(6.66961, 0.05000, 4.50000)
(6.67543, 0.05000, 4.50000)
(6.68071, 0.05000, 4.50000)
(6.68588, 0.05000, 4.50000)
(6.69108, 0.05000, 4.50000)
(6.69605, 0.05000, 4.50000)
(6.70106, 0.05000, 4.50000)
(6.70663, 0.05000, 4.50000)
(6.71201, 0.05000, 4.50000)
(6.71749, 0.05000, 4.50000)
(6.72270, 0.05000, 4.50000)
(6.72788, 0.05000, 4.50000)
(6.73324, 0.05000, 4.50000)
(6.73850, 0.05000, 4.50000)
(6.74435, 0.05000, 4.50000)
(6.75014, 0.05000, 4.50000)
(6.75578, 0.05000, 4.50000)
(6.76128, 0.05000, 4.50000)
(6.76637, 0.05000, 4.50000)
(6.77201, 0.05000, 4.50000)
(6.77792, 0.05000, 4.50000)
(6.78412, 0.05000, 4.50000)
(6.79091, 0.05000, 4.50000)
(6.79701, 0.05000, 4.50000)
(6.80331, 0.05000, 4.50000)
(6.80877, 0.05000, 4.50000)
(6.81422, 0.05000, 4.50000)
(6.81985, 0.05000, 4.50000)
(6.82533, 0.05000, 4.50000)
(6.83083, 0.05000, 4.50000)
(6.83591, 0.05000, 4.50000)
(6.84142, 0.05000, 4.50000)
(6.84685, 0.05000, 4.50000)
(6.85260, 0.05000, 4.50000)
(6.85829, 0.05000, 4.50000)
(6.86379, 0.05000, 4.50000)
(6.86926, 0.05000, 4.50000)
(6.87448, 0.05000, 4.50000)
(6.87952, 0.05000, 4.50000)
(6.88491, 0.05000, 4.50000)
(6.89010, 0.05000, 4.50000)
(6.89569, 0.05000, 4.50000)
(6.90142, 0.05000, 4.50000)
(6.90757, 0.05000, 4.50000)
(6.91286, 0.05000, 4.50000)
(6.91817, 0.05000, 4.50000)
(6.92360, 0.05000, 4.50000)
(6.92899, 0.05000, 4.50000)
(6.93487, 0.05000, 4.50000)
(6.94031, 0.05000, 4.50000)
(6.94537, 0.05000, 4.50000)
(6.95038, 0.05000, 4.50000)
(6.95602, 0.05000, 4.50000)
(6.96110, 0.05000, 4.50000)
(6.96630, 0.05000, 4.50000)
(6.97187, 0.05000, 4.50000)
(6.97710, 0.05000, 4.50000)
(6.98235, 0.05000, 4.50000)
(6.98759, 0.05000, 4.50000)
(6.99283, 0.05000, 4.50000)
(6.99791, 0.05000, 4.50000)
(7.00319, 0.05000, 4.50000)
(7.00903, 0.05000, 4.50000)
(7.01452, 0.05000, 4.50000)
(7.01976, 0.05000, 4.50000)
(7.02514, 0.05000, 4.50000)
(7.02996, 0.05000, 4.50000)
(7.03504, 0.05000, 4.50000)
(7.04040, 0.05000, 4.50000)
(7.04575, 0.05000, 4.50000)
(7.05225, 0.05000, 4.50000)
(7.05770, 0.05000, 4.50000)
(7.06315, 0.05000, 4.50000)
(7.06861, 0.05000, 4.50000)
(7.07355, 0.05000, 4.50000)
(7.07859, 0.05000, 4.50000)
(7.08399, 0.05000, 4.50000)
(7.08966, 0.05000, 4.50000)
(7.09515, 0.05000, 4.50000)
(7.10005, 0.05000, 4.50000)
(7.10546, 0.05000, 4.50000)
(7.11035, 0.05000, 4.50000)
(7.11523, 0.05000, 4.50000)
(7.12055, 0.05000, 4.50000)
(7.12618, 0.05000, 4.50000)
(7.13162, 0.05000, 4.50000)
(7.13703, 0.05000, 4.50000)
(7.14205, 0.05000, 4.50000)
(7.14724, 0.05000, 4.50000)
(7.15276, 0.05000, 4.50000)
(7.15747, 0.05000, 4.50000)
(7.16386, 0.05000, 4.50000)
(7.16930, 0.05000, 4.50000)
(7.17486, 0.05000, 4.50000)
(7.18008, 0.05000, 4.50000)
(7.18510, 0.05000, 4.50000)
(7.19040, 0.05000, 4.50000)
(7.19559, 0.05000, 4.50000)
(7.20229, 0.05000, 4.50000)
(7.20810, 0.05000, 4.50000)
(7.21383, 0.05000, 4.50000)
(7.21948, 0.05000, 4.50000)
(7.22459, 0.05000, 4.50000)
(7.23002, 0.05000, 4.50000)
(7.23543, 0.05000, 4.50000)
(7.24160, 0.05000, 4.50000)
(7.24694, 0.05000, 4.50000)
(7.25325, 0.05000, 4.50000)
(7.25904, 0.05000, 4.50000)
(7.26448, 0.05000, 4.50000)
(7.26963, 0.05000, 4.50000)
(7.27574, 0.05000, 4.50000)
(7.28091, 0.05000, 4.50000)
(7.28690, 0.05000, 4.50000)
(7.29249, 0.05000, 4.50000)
(7.29789, 0.05000, 4.50000)
(7.30361, 0.05000, 4.50000)
(7.30905, 0.05000, 4.50000)
(7.31514, 0.05000, 4.50000)
(7.32030, 0.05000, 4.50000)
(7.32668, 0.05000, 4.50000)
(7.33194, 0.05000, 4.50000)
(7.33697, 0.05000, 4.50000)
(7.34242, 0.05000, 4.50000)
(7.34784, 0.05000, 4.50000)
(7.35352, 0.05000, 4.50000)
(7.35868, 0.05000, 4.50000)
(7.36402, 0.05000, 4.50000)
(7.36963, 0.05000, 4.50000)
(7.37505, 0.05000, 4.50000)
(7.38018, 0.05000, 4.50000)
(7.38576, 0.05000, 4.50000)
(7.39099, 0.05000, 4.50000)
(7.39662, 0.05000, 4.50000)
(7.40195, 0.05000, 4.50000)
(7.40750, 0.05000, 4.50000)
(7.41281, 0.05000, 4.50000)
(7.41814, 0.05000, 4.50000)
(7.42386, 0.05000, 4.50000)
(7.42940, 0.05000, 4.50000)
(7.43448, 0.05000, 4.50000)
(7.43975, 0.05000, 4.50000)
(7.44508, 0.05000, 4.50000)
(7.45022, 0.05000, 4.50000)
(7.45579, 0.05000, 4.50000)
(7.46111, 0.05000, 4.50000)
(7.46697, 0.05000, 4.50000)
(7.47260, 0.05000, 4.50000)
(7.47846, 0.05000, 4.50000)
(7.48417, 0.05000, 4.50000)
(7.48988, 0.05000, 4.50000)
(7.49595, 0.05000, 4.50000)
(7.50166, 0.05000, 4.50000)